$ANSIBLE_VAULT;1.1;AES256
36316531363031626533633030383166346664643761623633356666393365636539613237613338
6465636131393466353365376561663663316539623163320a383338373735323130653034663630
62386263323838653333383833353366643232646561643932636364613765333066376232326162
3533323766633536350a383038626634363035653232313866353335373633663466396138376264
66633236346563633237353535663439396538626162623334656165643831616237376561613361
64386133386433626231643966613931666333633733663734383662306463323065303133386534
39393064393565336637396462373330613562323139306131353233343636653339313837623564
65303936383430333435313531303833306164303530663230303733376666353035363538656362
65396536623366333335343136393138396234343632663134316264643363376463396133396431
35316535633339383934633564306563366232646261623065323532663034303233383563643831
63376566636564366535663638313131303536393166386636383432623764343538643430643161
65313966353230383530663866343831323031633066643161326439663337336661363531396162
66303138393563363166363935383662383532363932633335613832383037306632653630363832
32376637663962626264326461343139643662656636653834613039303237623065666365356362
65306162656435623564383166653931346331333766303263623564643333336334363664613366
61383438623864363532633532663937616563393339326466656532343832396161353034373430
37636539386135326433616536316433313866336636663436643039393163343831313632363337
39366566383063623261363761363731323235316330396331373431663762313837353066346631
31323939313963343865663662396161616531393838303237333564333632316466376539653138
65393763643265643364393238333836623731383038306138356534633261333936323463653063
66306166393536373734366537643133336431353334386137623936383666326334383430376234
31653239653237393535663631353637306636373530333638663637323461613836313966343638
32336665336230663363383537343839653262316265663166336261373736346138636466656232
35373133303034323166356535393966393963386462323862656332346636303861336462303461
38353831356138356638356234383563623836313633663130346231323034666630313664356431
66383534633535393963396531366461623237353735356231663537313236653832373839646338
37326436666437316136663539633130663739616561323530366265303938316637646230393535
39356335346335613631373339323537316364653837373766313039323761313536333162306538
6664
