$ANSIBLE_VAULT;1.1;AES256
30373561353063636565313330643530336137303333373139366530633135643635393666356439
6432353435356330373331303631633538373233326265350a616130653338303338663633386233
33623866623933393163646331663135613863626362386465333362653037326636333037616530
3931336634366261630a396132363135383264303461643764636238316535336639633665376338
31383937326665313332373234313835623363356437326166343338616239396261353934396266
62313333316266633834376236663364383063623965356165333930363363303131373438653165
64643538313766326233353065393539643364373438616636386237343163363034396233353366
63663830303032613130646561313137646237356136663639386535353530383233316266316636
31376138343866363731383136663836333039643736333066393561333066353666653237623937
66633763313565346633633333616432353238346334393739326664383032643035636237343531
64623236353065356538616565366463616666343731326130633731663234346463363134326535
38343361666463376135663533353933363433646564646230613037643737353532366437383663
62343239393234633865363435636564303161613035613030656531623031666632363234656133
62643063653738663163343632373333363334383034313963613165316432306233663566313331
35373933653432613861633532336465643566363936633335653036373934336532326162363839
34343032613231643230363631663163316433323462396339323862346430636438323339366330
37656439343861633938376536306463353463373836653630346531653634396537336330613039
34353063393636356236303333313432623438303731666231393831326633636463343966356332
66646130353061383337333262373737666636336665646235306166363333386237323732386238
39373839373462333863376664393030646535343766626432653237316365396632623038323532
61393762383231363864396565303938643662636439386230613137623537343432316637316133
34393336653038636463313133653438386630396663656330663861613439303134646365356334
33353933663163376335396363643962383137663134393833303731633139356265353536656466
36393439616438366162313736346165653366316462353835316566613235613965343363626565
34373831363565326334626665643565343934366665393534373736323366306163303837306663
33363730353436373431323033383138383363303462663335346237653935306435396363396366
34353762656563363330616337353835343837313936363933666433396362376263633230663733
33333435613065303063306139613534323664666537353336613363353961633866663038313865
36653533653434366137343661306138386165306561653032393362623163356130346632633362
37363035356363636630366263663538323431313936393632633039613330633566303737323031
656338363336323138616134366533353432
