$ANSIBLE_VAULT;1.1;AES256
66373564363738393937383235396266346335643938306266646239623230333763323463623066
6132343638336334396161373838643861633936636138320a653866363139353934346566333532
64373739643235653665633739626662373764346333313634656562366536346464376632646164
6239313764313761380a373331663362616565386439303436613361643135363331366538323933
66623661306162343666383433316439346666323132343366653238646266313537343436633335
63646162363061376638306437623332353432616130313834643637613163383562346135393066
63373663393036333637373632643035396164643363336563666438646231393736356464623137
63656238313830323834303636653266353231663366313366366337613139363564363539356662
36346562343230353130383435323539383862643863623531346639626135393932366266336231
63376161333136333262633437666366316562313339383862386337633737623239303763396363
31326163633931333265656265663734633763346232373638363030623466356334613361306338
30626538656235323866306232303762386636386336623565373931653162313537636335616436
65306362303830643833336330323066303762633831313661376331306237383461306164643861
66323437346533323836653463353434643864353933663064353039393230303665356239666539
64613766383833646531653031646331373264383336323337643134363465336238326564656661
30613037306364323739306131623632303762623461633735663838333166353433366431396634
30386163346662653331373536393239363933653363346662383032646263383337366561363134
64336336396231316338353334633262316637663734363033663834353965666661366562343833
31333037633830313761373137653039353236623463656436646438663961653932333061366664
31373138626131373538393763633466333736393432663736326332663638633336333034626561
3463
