$ANSIBLE_VAULT;1.1;AES256
63653966656432643030613366313561393934313238373331306531666666306162393365343438
6337396166376338386564303930346539333733666231620a633133643766643165326330613165
35663763366331376461393764656466353861383365613833663061643432393932383564303566
3831656262646133360a616234393431373831333034316333346434633762626266616632626231
31626134313663323033346636663934643936363165353962346435323466643961616631366164
38393538386539666133353236303139643137626339313438656265373536373632633466636635
64396238666432326664636231626263613332343834353239373333613138326533336263323636
36623034323761303562636631313631353264393132346239656631336163663637363530636135
38376531646332303935643438396432353561353537393432366361353761343539323761366331
31393336333538386536373561633234373165663237393766623936343430623838336465623033
36656633303739313030326537353165303561313239623535646461306639363438343934323761
38396663326361646165633637343637343331333833363832643335656637323539383235306330
34616236326631383233636436663462363432316238353436343363303161653433666366616134
32646562613566656439666230616466323332306465383035306530343766323738666163666663
32373732363435653365386266626236303632626461323534303966663165393839633265636436
61653463383063616166
