$ANSIBLE_VAULT;1.1;AES256
31653533313432313935373536323566656130346264646433353836333131326661386539643365
3534653561623238613964646131346561343663666434380a396164636162653562323937333961
66386361666537313432396239653234633031373931643761396662386664613532363034393963
3464373730363038330a653037356166383534373238613232356562393062653837386364653465
33623139306461393761386364363935376332396230653337613532363535313361373834343230
33326633313664356231643465396466363530363962383039333833333336636433643131306266
62303062303432626563663536316334303338643337336439623766353863653436373334313831
33646461616437656336393261333431636265316336326465346133333431313265393733643466
36336465306364313436623765636330353561366665396461353262616131376262353130663963
39313635656539336535366335326436396330336530633035616664333666666234363637343263
36626162373934633235386236633463393265653364386337613866623562343836396336623230
32366339643162383038326231393962376536336632613961343435646333653430623534643963
39656539306338613964386465396637313531336437333131656363343361386135303732363838
64363533623861333130376235646531386364343435343332383163666135313234636532313166
66636336313332633833616364313833356263383730636663636365633330623062316433343633
31383735346262393766613133626662303835613837626139393163643935363737663931366664
38323162616464303035626133353933636537316433333739323338323231323937383765373664
31616133386332616139616131633137396630396463326561326535363838616431346662643733
39323639363135353334343762326233353439343932303438376561366234376139633565396466
34626562393165333237333130323435313262653463323961383936626330356432653936646566
38396462653537303863613063336566646431626365633964313361393861643435383866646366
39376234636539653961653763326330633838383164343438393438306639636336623632323564
63666534343363386136313131343832363837376334633631383236396331336637636466623031
63636662653436616235393165636430643236636331323439376634613430393331643832613266
34313361666164363937343062343738386537653034333234626333356165343161643636663535
61653433346439643731633632346236303136326539383462323030616665666534663361616337
376533643438376262303765653535353065
